529,92
529,69
529,75
2,12
2,11
2,10
2,9
2,8
2,7
2,6
2,5
2,4
2,3
2,2
2,1
2,0
1,8
1,7
1,6
1,5
1,4
1,3
1,2
1,1
1,0
0,510
0,503
0,501
0,487
0,479
0,476
0,475
0,464
0,463
0,462
0,458
0,457
0,456
0,454
0,451
0,449
0,448
0,447
0,439
0,437
0,435
0,432
0,429
0,427
0,424
0,423
0,421
0,420
0,419
0,417
0,415
0,413
0,411
0,408
0,400
0,398
0,383
0,374
0,368
0,359
0,353
0,350
0,347
0,346
0,341
0,337
0,336
0,332
0,327
0,326
0,322
0,316
0,315
0,314
0,312
0,309
0,306
0,301
0,243
66,1
66,3
0,445
0,443
0,375
66,0
0,511
529,139
529,1
529,3
0,354
0,430
529,0
0,388
0,9
0,310
0,305
0,426
0,396
0,392
0,480
0,459
0,455
0,450
0,446
0,434
0,358
0,453
0,465
0,498
0,460
0,452
0,461
0,414
0,308
0,304
0,303
0,302
0,307
0,444
0,12
0,373
0,10
0,477
0,8
0,0
0,425
0,300
0,369
0,299
0,488
0,298
0,402
0,297
0,370
0,296
0,508
0,295
0,393
0,294
0,473
0,293
0,416
0,292
0,486
0,291
0,381
0,290
0,362
0,289
0,397
0,288
0,287
0,483
0,286
0,379
0,285
0,284
0,367
0,283
0,395
0,282
0,331
0,281
0,378
0,280
0,394
0,279
0,391
0,278
0,348
0,277
2,13
2,15
2,18
2,19
2,21
2,23
2,25
2,27
2,28
2,31
2,32
2,34
2,65
2,66
2,69
2,70
2,72
2,73
2,75
2,78
2,79
2,82
2,83
2,85
2,89
2,90
2,93
2,94
2,97
2,98
2,101
2,104
2,106
2,109
2,110
2,113
2,117
2,118
2,121
2,123
2,128
2,129
2,132
2,135
3,1
3,4
3,6
4,1
4,3
24,1
24,4
24,5
24,7
24,9
25,0
25,4
25,5
25,8
25,10
25,13
25,16
25,18
25,21
25,23
26,1
26,3
26,4
26,6
26,7
26,10
26,12
26,15
26,18
26,20
26,22
26,23
27,0
27,3
27,4
27,8
27,9
27,12
27,14
27,17
27,20
27,22
27,25
28,1
28,3
28,5
28,6
28,8
29,1
29,4
30,2
30,4
31,0
31,2
32,0
32,1
32,5
32,8
33,0
33,4
33,5
34,0
34,4
35,0
35,3
35,5
36,1
36,2
36,4
37,0
37,1
37,4
37,5
37,7
38,1
38,3
38,5
38,6
38,8
38,9
39,2
39,5
40,0
40,3
40,4
41,2
42,1
42,2
42,4
42,5
43,3
43,4
44,0
44,3
44,4
45,0
45,1
45,3
45,5
45,6
45,10
45,11
45,14
46,2
46,3
47,1
47,3
47,6
47,8
48,2
49,1
49,3
50,1
50,2
50,5
51,2
51,3
51,6
52,0
52,2
52,3
52,5
53,1
53,2
53,4
53,5
53,7
54,2
54,3
54,5
55,0
55,3
55,4
56,0
56,2
56,3
56,5
56,6
57,2
57,4
57,5
57,7
58,1
58,4
58,6
59,0
59,2
59,3
59,6
60,1
60,4
60,6
61,0
61,3
61,4
62,1
62,3
62,4
63,1
63,2
63,4
63,5
63,7
64,0
64,1
64,3
64,4
64,6
64,8
64,9
64,11
64,12
64,14
64,15
64,17
65,0
65,1
65,3
65,4
66,2
66,5
66,6
67,2
67,3
68,1
68,3
68,5
69,2
69,3
69,7
69,8
70,1
70,4
70,6
71,2
71,4
72,0
72,3
72,5
73,1
73,3
73,6
73,7
74,2
74,6
74,7
75,2
75,4
75,7
76,2
76,4
76,7
76,9
77,1
77,2
77,4
78,0
78,1
78,4
78,5
79,0
80,0
80,1
80,4
80,5
80,7
80,8
80,10
80,12
81,1
81,3
81,4
81,6
82,1
82,2
82,4
82,5
83,1
83,4
83,5
84,1
84,2
84,4
84,5
85,0
85,3
85,4
85,6
85,7
85,9
86,0
86,1
86,3
86,4
86,6
86,7
86,9
86,11
86,12
86,14
86,15
86,17
86,19
86,20
86,22
86,23
86,25
86,26
86,28
86,30
86,31
86,33
86,34
86,36
86,38
86,39
86,41
86,42
86,44
86,46
86,47
86,49
86,50
86,52
87,1
87,4
87,6
88,0
88,2
88,3
88,5
89,2
89,3
90,1
90,3
91,2
91,4
92,2
92,4
92,5
93,0
93,2
93,5
94,0
94,2
94,5
94,6
95,2
95,4
96,1
96,4
96,6
97,2
97,4
98,0
98,3
99,0
99,3
99,4
100,3
100,4
101,2
101,6
101,7
102,2
102,4
103,0
103,3
104,0
104,3
105,0
105,3
106,1
106,2
107,1
107,2
108,1
108,3
109,0
109,3
110,0
110,3
111,0
111,3
112,1
112,3
113,2
113,3
114,3
114,4
115,2
116,0
116,2
116,5
117,0
117,3
118,1
118,3
119,1
119,2
120,1
120,2
120,5
121,3
121,4
121,7
122,1
122,4
122,6
123,0
123,2
123,3
123,5
124,2
124,3
124,5
124,6
124,8
124,9
124,11
125,0
125,1
125,3
125,4
125,6
125,8
125,9
126,1
126,3
126,6
126,8
127,1
127,3
127,4
127,6
127,7
127,9
128,1
128,2
128,4
128,5
128,7
128,8
128,10
129,1
129,2
129,4
129,5
129,7
129,9
129,10
129,12
130,1
130,4
131,0
131,4
131,7
132,0
132,3
133,0
133,3
134,0
134,2
134,4
134,5
134,7
135,1
135,3
136,1
136,3
136,5
136,6
137,1
137,4
137,5
138,1
138,3
139,0
139,2
139,3
139,5
139,6
140,1
140,3
141,0
141,3
141,4
142,1
142,3
142,6
143,2
143,3
143,5
144,1
144,4
145,1
145,3
145,5
146,1
146,4
147,0
147,3
148,2
148,4
149,1
149,2
150,0
150,3
150,4
151,1
151,2
151,5
152,1
152,4
153,2
153,3
154,1
154,2
154,4
154,6
154,7
154,9
154,10
154,12
154,13
154,15
154,17
154,18
154,21
154,22
154,24
154,26
154,27
154,29
154,30
154,32
154,33
154,35
154,37
154,38
154,40
154,41
154,43
154,45
154,46
154,50
154,51
154,58
154,59
154,61
154,63
154,64
154,66
154,67
154,69
154,71
154,72
154,74
154,75
154,77
154,80
154,81
154,83
154,84
154,86
154,87
154,89
154,91
154,92
154,96
154,97
154,99
154,128
154,129
154,131
154,132
154,134
154,135
155,2
155,5
156,1
156,4
156,6
157,2
158,1
158,3
158,5
159,0
159,3
160,0
160,4
161,2
161,3
162,0
162,1
162,3
162,5
162,6
163,0
163,1
163,4
163,6
164,1
164,3
164,4
165,1
165,3
166,1
166,3
166,4
166,7
166,8
166,10
166,12
166,13
166,15
166,16
167,1
167,3
167,6
168,1
168,3
169,0
169,1
169,3
169,6
169,8
170,1
170,3
171,0
171,1
172,0
172,3
172,4
173,0
173,1
174,0
174,3
175,1
175,4
175,5
175,7
176,3
176,4
177,1
177,3
177,6
178,1
178,4
179,1
179,3
180,0
180,1
180,5
181,0
181,1
181,4
182,0
182,3
182,5
183,2
183,5
183,7
184,2
184,3
185,0
185,3
185,4
186,3
186,4
187,0
187,2
187,5
188,1
188,3
189,1
189,3
189,6
190,1
190,3
190,6
191,0
191,3
191,5
192,0
192,3
193,0
193,3
193,5
194,2
195,0
195,2
195,5
195,6
196,3
196,6
197,0
197,3
197,5
198,1
198,3
199,1
199,4
199,6
200,2
200,3
201,0
201,3
201,5
202,1
202,3
202,6
203,0
203,4
204,2
204,3
205,0
205,2
206,0
206,3
206,5
207,0
207,2
207,4
207,5
208,2
208,5
208,7
209,2
209,4
209,6
209,8
210,1
210,4
210,6
211,1
211,4
212,0
212,3
212,4
213,1
213,2
213,5
214,1
214,3
214,6
215,1
215,4
216,1
216,3
217,0
217,1
217,5
218,0
218,3
219,1
219,2
219,5
219,7
220,2
220,5
221,1
221,4
221,6
222,2
222,3
222,5
222,7
222,8
223,2
223,4
224,1
225,0
225,2
225,5
226,1
226,4
226,5
227,1
227,4
227,5
228,1
228,2
229,0
229,3
229,4
230,1
230,3
230,5
231,1
231,2
232,0
232,1
232,4
233,0
233,3
233,6
234,1
234,4
235,0
235,3
235,6
236,1
236,4
236,5
237,2
237,4
238,0
238,3
238,5
239,2
239,3
239,5
240,0
240,1
240,4
240,5
241,2
241,3
241,5
242,1
242,2
242,4
242,5
242,7
242,9
243,0
243,2
243,3
244,0
244,2
244,3
244,5
245,0
245,2
245,3
245,5
246,1
246,2
246,4
246,5
247,1
247,3
247,4
248,1
248,2
248,4
248,5
248,7
249,0
249,1
249,3
249,4
250,1
250,3
250,4
251,1
251,2
251,4
251,5
251,7
252,1
252,2
252,4
253,0
253,2
253,4
253,5
254,0
254,1
254,3
254,4
254,6
255,1
255,2
255,4
255,5
256,0
256,2
256,3
256,5
256,6
257,0
257,2
257,3
257,5
257,6
258,1
258,2
258,4
258,6
258,7
259,1
259,2
260,0
260,2
260,3
261,0
261,1
261,3
261,4
262,1
262,3
262,4
263,1
263,2
263,4
264,0
264,1
264,3
264,4
265,0
265,1
265,3
266,0
266,1
266,3
266,4
267,1
267,3
267,4
268,0
268,1
268,3
268,5
268,6
269,1
269,2
270,0
270,1
270,3
271,0
271,1
271,3
271,4
272,1
272,3
273,0
273,2
273,3
273,5
273,6
274,1
274,3
275,0
275,2
275,3
276,1
276,3
276,4
277,1
277,2
278,0
278,1
278,3
278,5
279,0
279,2
279,3
280,0
280,2
280,3
281,0
281,1
281,3
282,0
282,1
282,3
282,4
282,6
283,0
283,2
283,4
284,0
284,2
284,3
285,0
285,2
285,3
286,0
286,1
286,3
286,4
287,1
287,3
287,4
288,1
288,2
288,4
289,1
289,2
289,4
290,0
290,2
290,3
291,0
291,2
291,3
292,0
292,1
292,3
293,0
293,1
293,3
293,4
294,1
294,2
294,4
295,1
295,2
295,4
296,0
296,2
296,4
296,5
297,1
297,2
297,4
298,1
298,2
298,4
298,5
299,1
299,2
299,4
300,1
300,2
300,4
301,0
301,2
301,4
302,0
302,2
302,3
303,0
303,1
303,3
303,5
304,0
304,2
304,3
304,5
304,7
304,8
305,1
305,2
305,4
305,5
305,7
306,1
306,2
306,4
306,5
306,7
307,1
307,2
307,4
307,5
308,1
308,3
308,4
308,6
309,0
309,2
309,3
309,5
310,0
310,1
310,3
311,0
311,2
311,4
311,5
311,7
311,8
312,1
312,2
312,4
312,6
312,7
313,1
313,2
313,4
314,1
314,2
314,4
315,0
315,2
315,3
316,0
316,2
316,3
316,5
316,6
317,0
317,2
317,3
317,5
317,6
318,0
318,1
318,3
318,5
318,6
318,8
319,0
319,2
319,4
320,0
320,2
320,3
321,0
321,2
321,3
321,5
321,6
322,1
322,2
322,4
323,1
323,2
323,4
323,5
324,1
324,3
324,4
325,0
325,1
325,3
325,4
326,0
326,2
326,3
327,0
327,1
327,3
328,0
328,1
328,3
328,4
329,0
329,1
329,3
329,5
329,6
330,1
330,2
330,4
331,0
331,1
331,3
331,4
331,6
332,1
332,2
332,4
332,5
333,0
333,1
333,3
333,5
334,0
334,2
334,3
335,0
335,2
335,3
336,0
336,1
336,3
336,4
336,6
337,0
337,1
337,3
337,4
337,6
337,8
337,9
338,1
338,2
338,4
338,5
339,0
339,2
339,3
339,5
339,6
340,1
340,3
340,4
340,6
341,0
341,2
341,3
341,5
341,7
342,0
342,2
342,3
343,0
343,2
343,3
343,5
343,6
344,0
344,2
344,3
344,5
344,6
345,1
345,2
345,4
346,1
346,2
346,4
346,5
347,0
347,2
347,3
348,0
348,1
348,3
348,4
349,1
349,3
349,4
350,0
350,1
350,3
351,1
351,2
351,4
352,0
352,2
352,3
352,5
352,7
352,8
353,1
353,2
353,4
354,0
354,1
354,3
354,4
355,1
355,3
355,4
356,1
356,2
356,4
357,0
357,2
357,4
358,0
358,2
358,3
358,5
359,1
359,2
359,4
359,5
359,7
360,0
360,2
360,4
360,5
361,1
361,2
361,4
362,0
362,1
362,3
362,4
362,6
363,0
363,2
363,4
363,5
364,0
364,1
364,3
365,0
365,1
365,3
365,4
366,1
366,3
366,4
366,6
367,0
367,2
367,3
368,0
368,2
368,3
368,5
368,6
369,0
369,2
369,3
370,0
370,1
370,3
370,4
371,0
371,2
371,3
371,5
372,0
372,2
372,4
372,5
373,1
373,2
373,4
374,0
374,2
374,4
375,0
375,2
375,3
375,5
376,1
376,2
376,4
376,5
377,0
377,1
377,3
377,5
378,0
378,2
378,3
379,0
379,2
379,3
379,5
379,6
380,1
380,3
380,4
380,6
380,7
381,0
381,1
381,3
381,5
382,0
382,2
382,3
383,0
383,2
383,3
384,0
384,1
384,3
384,4
385,0
385,2
385,3
386,0
386,1
386,3
387,0
387,1
387,3
387,4
388,1
388,2
388,4
389,0
389,1
389,3
389,4
389,6
390,1
390,2
390,4
390,5
391,1
391,3
391,4
391,6
392,0
392,2
392,3
392,5
393,1
393,2
393,4
393,5
394,0
394,2
394,3
394,5
395,0
395,2
395,3
395,5
396,1
396,2
396,4
397,0
397,2
397,4
397,5
398,0
398,1
398,3
398,4
399,1
399,3
399,4
400,1
400,2
401,0
401,2
401,3
401,5
401,6
402,1
402,2
402,4
403,0
403,1
403,3
403,4
404,1
404,3
404,4
405,1
405,2
405,4
406,0
406,1
406,3
406,4
407,0
407,1
407,3
408,0
408,1
408,3
408,4
409,1
409,3
409,4
410,0
410,1
410,3
411,0
411,2
411,4
412,0
412,2
412,3
412,5
413,0
413,1
413,3
413,4
413,6
414,0
414,2
414,4
414,5
415,1
415,2
415,4
415,6
416,0
416,2
416,3
416,5
417,1
417,2
417,4
417,5
417,7
417,8
418,1
418,3
418,4
419,1
419,2
419,4
420,1
420,2
420,4
420,5
421,0
421,1
421,3
421,5
421,6
422,1
422,2
422,4
422,6
423,0
423,2
423,3
424,0
424,1
424,3
424,5
425,0
425,2
425,3
426,0
426,2
426,3
427,0
427,1
427,3
427,4
427,6
428,1
428,2
428,4
428,5
429,1
429,3
429,4
430,1
430,2
430,4
431,0
431,1
431,3
431,4
431,6
432,0
432,2
432,4
432,5
433,1
433,2
433,4
433,6
434,0
434,2
434,3
434,5
435,0
435,2
435,4
435,5
436,0
436,1
436,3
436,5
436,6
436,8
437,0
437,2
437,3
438,0
438,2
438,3
438,5
438,6
439,1
439,3
439,4
440,0
440,1
440,3
441,0
441,1
441,3
441,4
442,1
442,2
442,4
442,6
442,7
443,1
443,2
444,0
444,2
444,3
445,0
445,1
445,3
445,4
446,1
446,3
446,4
446,6
447,0
447,2
447,4
448,0
448,2
448,3
449,0
449,1
449,3
450,0
450,1
450,3
450,4
450,6
451,0
451,1
451,3
451,4
452,1
452,3
452,4
453,0
453,1
453,3
453,4
454,1
454,3
454,4
456,0
456,1
456,3
456,5
456,6
456,8
456,9
457,1
457,2
458,0
458,2
458,3
459,1
459,2
460,0
460,2
460,3
461,1
461,2
462,0
462,1
462,3
463,1
463,2
464,0
464,1
464,3
465,1
465,2
466,0
466,1
466,3
467,0
467,2
468,0
468,1
468,3
468,4
468,6
469,1
469,2
469,4
470,0
470,2
470,4
470,5
470,7
470,8
470,10
470,11
471,1
471,3
471,4
471,6
472,0
472,2
472,4
472,5
473,0
473,1
473,3
473,4
474,1
474,3
474,4
475,0
475,1
475,3
475,5
475,6
476,1
476,2
476,4
476,5
477,1
477,3
477,4
478,0
478,1
478,3
479,0
479,1
479,3
479,4
480,0
480,2
480,3
481,1
481,2
481,4
481,5
481,7
482,1
482,2
483,0
483,1
483,3
484,1
484,2
484,4
484,5
485,0
485,1
485,3
485,5
485,6
486,1
486,2
486,4
487,1
487,2
487,4
487,5
487,7
488,0
488,2
489,0
489,1
489,3
489,4
490,1
490,3
490,4
490,6
491,0
491,2
491,3
491,5
492,0
492,1
492,3
492,4
492,6
493,1
493,2
493,4
494,0
494,2
494,4
494,5
495,1
495,2
495,4
495,5
496,1
496,3
496,4
497,0
497,1
497,3
497,5
497,6
498,1
498,2
498,4
499,0
499,2
499,4
499,5
500,1
500,2
500,4
500,6
500,7
501,1
501,2
501,4
501,5
502,1
502,3
502,4
503,0
503,1
503,3
504,1
504,2
504,4
504,5
505,1
505,3
505,4
506,1
506,2
506,4
506,5
507,1
507,3
507,4
508,0
508,1
508,3
508,5
509,0
509,2
509,3
509,5
510,0
510,2
510,4
510,5
511,1
511,2
511,4
512,1
512,2
512,4
512,5
513,1
513,2
513,4
514,0
514,1
514,3
514,4
515,0
515,2
515,3
516,0
516,1
516,3
517,0
517,2
517,4
517,5
517,7
518,0
518,2
518,4
519,0
519,2
519,3
520,0
520,2
520,3
521,0
521,1
521,3
521,4
522,1
522,3
522,4
523,0
523,1
523,3
524,0
524,1
524,3
524,4
525,1
525,2
525,4
526,1
526,2
526,4
527,0
527,2
527,4
528,0
528,2
528,3
529,2
529,4
529,6
529,8
529,9
529,11
529,12
529,14
529,16
529,17
529,19
529,20
529,22
529,24
529,25
529,27
529,28
529,30
529,31
529,33
529,35
529,36
529,38
529,39
529,41
529,43
529,44
529,46
529,47
529,49
529,50
529,52
529,54
529,55
529,57
529,58
529,60
529,62
529,63
529,65
529,66
529,68
529,71
529,73
529,74
529,76
529,77
529,79
529,81
529,82
529,84
529,85
529,87
529,89
529,90
529,128
529,129
529,131
529,132
529,134
529,136
529,137
530,0
530,1
530,4
531,0
531,1
531,4
532,0
532,2
532,3
532,5
534,0
534,1
535,0
535,1
535,4
535,6
535,7
535,9
535,10
535,12
535,13
535,15
535,17
535,18
537,0
537,1
537,4
537,6
537,7
538,1
538,3
539,1
539,3
539,5
539,7
539,8
539,10
539,11
539,13
539,15
539,16
539,18
539,19
539,21
539,23
539,24
539,26
539,27
539,29
539,30
539,32
539,34
539,35
539,65
539,66
539,68
539,70
539,71
539,73
539,74
539,76
539,77
539,79
539,81
539,82
539,84
539,85
539,87
539,89
539,90
539,92
539,93
539,95
539,96
539,98
539,100
539,101
539,103
539,104
539,106
539,108
539,109
539,111
539,112
539,114
539,116
539,117
539,119
539,120
539,122
539,123
539,125
539,127
539,128
539,130
539,131
539,133
539,135
539,136
539,138
539,139
539,141
539,142
539,144
539,146
539,147
539,149
539,150
539,152
539,154
539,155
539,157
539,158
539,160
539,161
539,163
539,165
539,166
539,168
539,169
539,171
539,173
539,174
539,176
539,177
539,179
539,180
539,182
539,184
539,185
539,187
539,188
539,190
539,192
539,193
539,195
539,196
539,198
539,200
539,201
539,203
539,204
539,206
539,207
539,209
539,211
539,212
539,214
539,215
539,217
539,219
539,220
539,222
539,223
539,225
539,226
539,228
539,257
539,258
539,260
539,261
539,263
539,265
539,266
539,268
539,269
539,271
539,272
539,274
539,276
539,277
539,279
539,280
539,282
539,284
539,285
539,287
539,288
539,290
539,292
539,293
539,295
539,296
539,298
539,299
539,301
539,303
539,304
539,306
539,307
539,309
539,311
539,320
539,322
539,323
539,325
539,326
539,328
539,330
539,331
539,333
539,334
539,336
539,338
539,339
539,341
539,342
539,344
539,345
539,347
539,349
539,350
539,352
539,353
539,355
539,357
539,358
539,360
539,361
539,363
539,364
539,366
539,368
539,369
539,371
539,372
539,374
539,376
539,377
539,379
539,380
539,382
539,384
539,385
539,387
539,388
539,390
539,391
539,393
539,395
539,396
539,398
539,399
539,401
539,403
539,404
539,406
539,407
539,409
539,410
539,412
539,414
539,415
539,417
539,418
539,420
539,422
539,423
539,425
539,426
539,428
539,429
539,431
539,433
539,434
539,436
539,437
539,439
539,441
539,442
539,444
539,445
539,447
539,449
539,450
539,452
539,453
539,455
539,456
539,458
539,460
539,461
539,463
539,464
539,466
539,468
539,469
539,471
539,472
539,474
539,475
539,477
539,479
539,480
539,482
539,483
539,485
539,487
539,488
539,490
539,491
539,493
539,494
539,496
539,498
539,499
539,501
539,502
539,504
539,506
539,507
539,509
539,510
539,512
539,514
539,515
539,517
539,518
539,520
539,521
539,523
539,525
539,526
539,528
539,529
539,531
539,533
539,534
539,536
539,537
539,539
539,540
539,542
541,1
541,2
541,4
542,0
542,3
543,1
543,3
544,1
544,3
546,0
546,1
546,4
546,6
546,7
546,9
28,0
43,0
2,91
145,0
42,0
2,80
2,67
61,1
77,0
87,3
241,1
155,3
155,1
89,1
91,1
24,0
39,0
39,3
57,0
54,0
60,0
58,3
153,0
2,77
85,2
81,0
2,86
93,1
2,88
95,3
134,1
2,30
94,4
166,5
158,0
179,0
136,7
94,1
95,0
92,7
92,1
84,0
239,0
224,0
58,0
53,0
124,0
157,1
91,3
166,0
2,64
87,0
2,22
174,1
29,0
161,1
2,17
546,8
546,5
546,3
544,4
544,0
543,0
542,1
541,3
541,0
539,541
539,538
539,535
539,532
539,530
539,527
539,524
539,522
539,519
539,516
539,513
539,511
539,508
539,505
539,503
539,500
539,497
539,495
539,492
539,489
539,486
539,484
539,481
539,478
539,476
539,473
539,470
539,467
539,465
539,462
539,459
539,457
539,454
539,451
539,448
539,446
539,443
539,440
539,438
539,435
539,432
539,430
539,427
539,424
539,421
539,419
539,416
539,413
539,411
539,408
539,405
539,402
539,400
539,397
539,394
539,392
539,389
539,386
539,383
539,381
539,378
539,375
539,373
539,370
539,367
539,365
539,362
539,359
539,356
539,354
539,351
539,348
539,346
539,343
539,340
539,337
539,335
539,332
539,329
539,327
539,324
539,321
539,310
539,308
539,305
539,302
539,300
539,297
539,294
539,291
539,289
539,286
539,283
539,281
539,278
539,275
539,273
539,270
539,267
539,264
539,262
539,259
539,256
539,227
539,224
539,221
539,218
539,216
539,213
539,210
539,208
539,205
539,202
539,199
539,197
539,194
539,191
539,189
539,186
539,183
539,181
539,178
539,175
539,172
539,170
539,167
539,164
539,162
539,159
539,156
539,153
539,151
539,148
539,145
539,143
539,140
539,137
539,134
539,132
539,129
539,126
539,124
539,121
539,118
539,115
539,113
539,110
539,107
539,105
539,102
539,99
539,97
539,94
539,91
539,88
539,86
539,83
539,80
539,78
539,75
539,72
539,69
539,67
539,64
539,33
539,31
539,28
539,25
539,22
539,20
539,17
539,14
539,12
539,9
539,6
539,4
539,0
538,0
537,5
537,3
535,19
535,16
535,14
535,11
535,8
535,5
535,3
534,3
532,6
532,4
532,1
531,3
530,5
530,3
529,138
529,135
529,133
529,130
529,91
529,88
529,86
529,83
529,80
529,78
529,72
529,70
529,67
529,64
529,61
529,59
529,56
529,53
529,51
529,48
529,45
529,42
529,40
529,37
529,34
529,32
529,29
529,26
529,23
529,21
529,18
529,15
529,13
529,10
529,7
529,5
528,4
528,1
527,3
527,1
526,3
526,0
525,3
525,0
524,2
523,4
523,2
522,5
522,2
522,0
521,2
520,4
520,1
519,4
519,1
518,3
518,1
517,6
517,3
517,1
516,2
515,4
515,1
514,5
514,2
513,5
513,3
513,0
512,3
512,0
511,3
511,0
510,3
510,1
509,4
509,1
508,4
508,2
507,5
507,2
507,0
506,3
506,0
505,2
505,0
504,3
504,0
503,2
502,5
502,2
502,0
501,3
501,0
500,5
500,3
500,0
499,3
499,1
498,3
498,0
497,4
497,2
496,5
496,2
496,0
495,3
495,0
494,3
494,1
493,3
493,0
492,5
492,2
491,6
491,4
491,1
490,5
490,2
490,0
489,2
488,3
488,1
487,6
487,3
487,0
486,3
486,0
485,4
485,2
484,6
484,3
484,0
483,2
482,3
482,0
481,6
481,3
481,0
480,1
479,5
479,2
478,4
478,2
477,5
477,2
477,0
476,3
476,0
475,4
475,2
474,5
474,2
474,0
473,2
472,6
472,3
472,1
471,5
471,2
471,0
470,9
470,6
470,3
470,1
469,3
469,0
468,5
468,2
467,3
467,1
466,2
465,3
465,0
464,2
463,3
463,0
462,2
461,3
461,0
460,1
459,3
459,0
458,1
457,3
457,0
456,7
456,4
456,2
454,5
454,2
454,0
453,2
452,5
452,2
452,0
451,2
450,7
450,5
450,2
449,4
449,2
448,4
448,1
447,3
447,1
446,5
446,2
446,0
445,2
444,4
444,1
443,3
443,0
442,5
442,3
442,0
441,2
440,4
440,2
439,5
439,2
439,0
438,4
438,1
437,4
437,1
436,7
436,4
436,2
435,6
435,3
435,1
434,4
434,1
433,5
433,3
433,0
432,3
432,1
431,5
431,2
430,5
430,3
430,0
429,2
429,0
428,3
428,0
427,5
427,2
426,4
426,1
425,4
425,1
424,4
424,2
423,4
423,1
422,5
422,3
422,0
421,4
421,2
420,6
420,3
420,0
419,3
419,0
418,2
418,0
417,6
417,3
417,0
416,4
416,1
415,5
415,3
415,0
414,3
414,1
413,5
413,2
412,6
412,4
412,1
411,3
411,1
410,2
409,5
409,2
409,0
408,2
407,4
407,2
406,5
406,2
405,5
405,3
405,0
404,2
404,0
403,2
402,5
402,3
402,0
401,4
401,1
400,3
400,0
399,2
399,0
398,2
397,6
397,3
397,1
396,3
396,0
395,4
395,1
394,4
394,1
393,6
393,3
393,0
392,4
392,1
391,5
391,2
391,0
390,3
390,0
389,5
389,2
388,5
388,3
388,0
387,2
386,4
386,2
385,4
385,1
384,5
384,2
383,4
383,1
382,4
382,1
381,4
381,2
380,8
380,5
380,2
380,0
379,4
379,1
378,4
378,1
377,4
377,2
376,6
376,3
376,0
375,4
375,1
374,3
374,1
373,3
373,0
372,3
372,1
371,4
371,1
370,5
370,2
369,4
369,1
368,7
368,4
368,1
367,4
367,1
366,5
366,2
366,0
365,2
364,4
364,2
363,6
363,3
363,1
362,5
362,2
361,5
361,3
361,0
360,3
360,1
359,6
359,3
359,0
358,4
358,1
357,3
357,1
356,3
356,0
355,2
355,0
354,2
353,5
353,3
353,0
352,6
352,4
352,1
351,3
351,0
350,2
349,5
349,2
349,0
348,2
347,4
347,1
346,6
346,3
346,0
345,3
345,0
344,4
344,1
343,7
343,4
343,1
342,4
342,1
341,6
341,4
341,1
340,5
340,2
340,0
339,4
339,1
338,6
338,3
338,0
337,7
337,5
337,2
336,7
336,5
336,2
335,4
335,1
334,4
334,1
333,4
333,2
332,6
332,3
332,0
331,5
331,2
330,5
330,3
330,0
329,4
329,2
328,5
328,2
327,4
327,2
326,4
326,1
325,5
325,2
324,5
324,2
324,0
323,3
323,0
322,3
322,0
321,4
321,1
320,4
320,1
319,3
319,1
318,7
318,4
318,2
317,7
317,4
317,1
316,7
316,4
316,1
315,4
315,1
314,3
314,0
313,3
313,0
312,5
312,3
312,0
311,6
311,3
311,1
310,2
309,6
309,4
309,1
308,5
308,2
308,0
307,3
307,0
306,6
306,3
306,0
305,6
305,3
305,0
304,6
304,4
304,1
303,4
303,2
302,4
302,1
301,3
301,1
300,3
300,0
299,3
299,0
298,3
298,0
297,3
297,0
296,3
296,1
295,3
295,0
294,3
294,0
293,2
292,4
292,2
291,4
291,1
290,4
290,1
289,3
289,0
288,3
288,0
287,2
287,0
286,2
285,4
285,1
284,4
284,1
283,3
283,1
282,5
282,2
281,4
281,2
280,4
280,1
279,4
279,1
278,4
278,2
277,3
277,0
276,2
276,0
275,1
274,2
274,0
273,4
273,1
272,2
272,0
271,2
270,4
270,2
269,3
269,0
268,4
268,2
267,5
267,2
267,0
266,2
265,4
265,2
264,5
264,2
263,5
263,3
263,0
262,2
262,0
261,2
260,4
260,1
259,3
259,0
258,5
258,3
258,0
257,4
257,1
256,7
256,4
256,1
255,6
255,3
255,0
254,5
254,2
253,6
253,3
253,1
252,3
252,0
251,6
251,3
251,0
250,2
250,0
249,2
248,8
248,6
248,3
248,0
247,2
247,0
246,3
246,0
245,4
245,1
244,4
244,1
243,4
243,1
242,8
242,6
242,3
242,0
241,4
241,0
240,3
239,6
239,4
239,1
238,2
237,6
237,1
236,2
235,4
235,1
234,2
233,5
233,1
232,3
231,4
230,6
230,4
230,0
229,1
228,4
227,6
227,3
227,0
226,2
225,3
224,3
223,5
223,1
222,6
222,4
222,0
221,2
220,4
220,0
219,4
218,5
218,2
217,3
216,4
216,0
215,2
214,5
214,0
213,4
212,6
212,1
211,2
210,7
210,2
209,7
209,5
209,0
208,4
208,0
207,3
206,7
206,2
205,4
204,5
204,0
203,2
202,4
201,6
201,2
200,4
200,0
199,3
198,4
198,0
197,2
196,4
196,1
195,3
194,3
194,0
193,2
192,2
191,7
191,2
190,4
189,7
189,4
188,4
188,0
187,3
186,6
186,1
185,1
184,5
184,0
183,4
183,0
182,2
181,3
180,6
180,3
179,4
178,5
178,2
177,4
177,0
176,1
175,6
175,3
174,2
173,3
172,6
172,1
171,3
170,4
170,0
169,5
169,2
168,4
168,0
167,5
167,0
166,14
166,11
166,9
166,6
166,2
165,4
165,0
164,2
163,5
163,3
162,7
162,4
162,2
161,4
161,0
160,2
159,1
158,4
157,3
157,0
156,2
155,4
155,0
154,133
154,130
154,100
154,98
154,95
154,90
154,88
154,85
154,82
154,78
154,76
154,73
154,70
154,68
154,65
154,62
154,60
154,54
154,47
154,44
154,42
154,39
154,36
154,34
154,31
154,28
154,25
154,23
154,19
154,16
154,14
154,11
154,8
154,5
154,3
154,0
153,1
152,2
151,4
150,6
150,1
149,4
148,5
148,1
147,1
146,3
145,4
145,2
144,3
143,4
143,1
142,4
142,0
141,1
140,4
140,0
139,4
139,1
138,5
138,0
137,3
137,0
136,4
136,0
135,0
134,6
134,3
133,4
133,1
132,2
131,5
131,2
130,2
129,11
129,8
129,6
129,3
128,11
128,9
128,6
128,3
128,0
127,8
127,5
127,2
126,9
126,5
126,0
125,7
125,5
125,2
124,12
124,10
124,7
124,4
124,1
123,4
123,1
122,5
122,2
121,6
121,1
120,4
119,4
118,4
118,0
117,1
116,4
115,4
115,1
114,1
113,0
111,4
111,1
110,1
109,2
108,5
108,0
106,4
105,4
105,1
104,1
103,2
102,5
102,1
101,4
101,1
100,1
99,1
98,1
97,5
97,1
96,3
96,0
95,1
94,3
93,6
93,3
92,6
92,3
92,0
91,0
90,0
89,0
88,4
88,1
87,5
87,2
86,51
86,48
86,45
86,43
86,40
86,37
86,35
86,32
86,29
86,27
86,24
86,21
86,18
86,16
86,13
86,10
86,8
86,5
86,2
85,10
85,8
85,5
85,1
84,6
84,3
83,6
83,3
83,0
82,3
82,0
81,5
81,2
80,11
80,9
80,6
80,3
79,2
78,6
78,3
77,5
77,3
76,10
76,5
76,1
75,6
75,1
74,4
74,1
73,4
72,6
72,2
71,5
71,1
70,3
70,0
69,5
69,0
68,4
68,0
67,0
66,4
65,5
65,2
64,18
64,16
64,13
64,10
64,7
64,5
64,2
63,8
63,6
63,3
63,0
62,2
62,0
61,2
60,5
60,3
59,5
59,1
58,5
58,2
57,6
57,3
57,1
56,4
56,1
55,5
55,1
54,4
54,1
53,6
53,3
52,6
52,4
52,1
51,5
51,0
50,4
49,4
48,3
48,0
47,4
47,0
46,0
45,13
45,8
45,4
45,2
44,5
44,1
43,5
43,1
42,3
41,4
41,1
40,1
39,4
39,1
38,7
38,4
38,0
37,6
37,3
36,5
36,3
36,0
35,2
34,2
33,7
33,2
32,6
32,3
31,3
30,6
30,1
29,3
28,7
28,4
28,2
27,23
27,19
27,15
27,11
27,6
27,1
26,24
26,21
26,17
26,14
26,9
26,5
26,2
25,24
25,19
25,15
25,12
25,7
25,2
24,8
24,6
24,3
4,2
4,0
3,3
2,134
2,131
2,124
2,120
2,115
2,112
2,107
2,103
2,100
2,95
2,92
2,87
2,84
2,81
2,76
2,74
2,71
2,68
2,35
2,33
2,29
2,26
2,24
2,20
2,16
0,497
0,276
0,377
0,275
0,474
0,274
0,496
0,273
0,319
0,272
0,471
0,271
0,342
0,270
0,468
0,269
0,390
0,268
0,366
0,267
0,494
0,266
0,387
0,265
0,505
0,264
0,263
0,365
0,262
0,330
0,261
0,260
0,495
0,259
0,318
0,258
0,364
0,257
0,256
0,357
0,255
0,499
0,254
0,469
0,253
0,484
0,252
0,325
0,251
0,386
0,250
0,492
0,249
0,389
0,248
0,363
0,247
0,467
0,246
0,345
0,245
0,428
0,244
0,339
0,242
0,361
0,241
0,323
0,240
0,239
0,338
0,238
0,349
0,237
0,442
0,236
0,235
0,313
0,234
0,422
0,233
0,438
0,232
0,328
0,231
0,436
0,230
0,360
0,229
0,228
0,334
0,227
0,355
0,226
0,504
0,225
0,385
0,224
0,472
0,223
0,418
0,222
0,329
0,221
0,502
0,220
0,409
0,219
0,380
0,218
0,401
0,217
0,490
0,216
0,340
0,215
0,344
0,214
0,500
0,213
0,412
0,212
0,376
0,211
0,356
0,210
0,482
0,209
0,208
0,410
0,207
0,466
0,206
0,384
0,205
0,317
0,204
0,509
0,203
0,441
0,202
0,489
0,201
0,440
0,200
